 Hrs YR MON DAY HR MIN  Sec PRN P1o28  P2o28  L1o28  L2o28 Theory Clock28 SiteClock P1-Theory28 P1-Theory+Clock28 P1-All28 P1-P228_cyc L1-L228_cyc MW_WL28_cyc
   17.112500  2008  1 11 17  6 45.00 PRN28    24378094.8130    24378100.5210    24378091.6712    24378095.0844    24274515.5338       -4050.9773       99524.0887 103579.279200 99528.301900      4.213200   -29.995742    -13.976483   -20.521945
   17.116667  2008  1 11 17  6 60.00 PRN28    24385854.0110    24385859.3860    24385851.5061    24385854.9042    24282585.9035       -4050.9798       99213.1834 103268.107500 99217.127700      3.944300   -28.245816    -13.914651   -19.551977
   17.120833  2008  1 11 17  7 15.00 PRN28    24393617.0700    24393622.6130    24393615.2853    24393618.6629    24290666.2593       -4050.9824       98896.3925 102950.810700 98899.828300      3.435800   -29.128662    -13.830707   -18.717819
   17.125000  2008  1 11 17  7 30.00 PRN28    24401380.5280    24401385.6030    24401378.0950    24401381.4555    24298756.6046       -4050.9849       98568.9187 102623.923400 98572.938500      4.019800   -26.669305    -13.760686   -19.162157
   17.129167  2008  1 11 17  7 45.00 PRN28    24409145.3270    24409149.2440    24409141.7533    24409145.1143    24306856.9427       -4050.9875       98232.7306 102288.384300 98237.396800      4.666200   -20.583974    -13.762733   -19.899247
   17.133333  2008  1 11 17  7 60.00 PRN28    24416910.2210    24416915.4720    24416907.2668    24416910.6250    24314967.2119       -4050.9901       97887.3332 101943.009100 97892.019000      4.685800   -27.594191    -13.751268   -19.846866
   17.137500  2008  1 11 17  8 15.00 PRN28    24424679.0810    24424684.2420    24424675.3128    24424678.6551    24323087.4155       -4050.9926       97535.3588 101591.665500 97540.672900      5.314100   -27.121238    -13.686160   -20.680432
   17.141667  2008  1 11 17  8 30.00 PRN28    24432450.1760    24432455.1270    24432446.3985    24432449.7362    24331217.5565       -4050.9952       97176.0489 101232.619500 97181.624300      5.575400   -26.017681    -13.667324   -20.565681
   17.145833  2008  1 11 17  8 45.00 PRN28    24440224.3450    24440230.3090    24440221.1719    24440224.4980    24339357.5727       -4050.9977       96810.6072 100866.772300 96815.774600      5.167400   -31.341032    -13.619823   -20.331678
   17.150000  2008  1 11 17  8 60.00 PRN28    24448003.4110    24448009.0410    24447999.6594    24448002.9733    24347507.4671       -4051.0003       96439.3466 100495.943900 96444.943600      5.597000   -29.585850    -13.569867   -20.783187
   17.154167  2008  1 11 17  9 15.00 PRN28    24455786.0130    24455790.6030    24455782.0769    24455785.3860    24355667.2426       -4051.0028       96061.8253 100118.770400 96067.767600      5.942300   -24.120613    -13.550211   -20.449146
   17.158333  2008  1 11 17  9 30.00 PRN28    24463572.7200    24463577.0800    24463568.8967    24463572.2055    24363836.8583       -4051.0054       95678.8778 99735.861700 95684.856300      5.978500   -22.911955    -13.548983   -20.200180
   17.162500  2008  1 11 17  9 45.00 PRN28    24471363.7000    24471369.1980    24471360.1929    24471363.4815    24372016.2732       -4051.0079       95290.5034 99347.426800 95296.418900      5.915500   -28.892185    -13.466267   -20.328846
   17.166667  2008  1 11 17 10  0.00 PRN28    24479159.5710    24479164.4500    24479156.2777    24479159.5627    24380205.5119       -4051.0105       94898.2603 98954.059100 94903.048600      4.788300   -25.639318    -13.451526   -19.751529
   17.170833  2008  1 11 17 10 15.00 PRN28    24486961.7390    24486967.1270    24486957.2616    24486960.5432    24388404.5111       -4051.0131       94500.1021 98557.227900 94506.214800      6.112700   -28.314131    -13.437603   -21.370034
   17.175000  2008  1 11 17 10 30.00 PRN28    24494767.5480    24494772.8420    24494763.5090    24494766.7722    24396613.2954       -4051.0156       94097.3679 98154.252600 94103.237000      5.869100   -27.820158    -13.362258   -20.738293
   17.179167  2008  1 11 17 10 45.00 PRN28    24502579.4400    24502583.9490    24502575.3579    24502578.6152    24404831.8011       -4051.0182       93690.1549 97747.638900 93696.620700      6.465800   -23.694955    -13.338099   -20.365266
   17.183333  2008  1 11 17 11  0.00 PRN28    24510396.7220    24510401.4000    24510392.7238    24510395.9734    24413060.0305       -4051.0207       93278.9484 97336.691500 93285.670800      6.722400   -24.583056    -13.306569   -20.322267
   17.187500  2008  1 11 17 11 15.00 PRN28    24518219.5140    24518223.3990    24518215.9123    24518219.1538    24421297.9860       -4051.0233       92864.2691 96921.528000 92870.504700      6.235600   -20.415813    -13.273401   -19.426141
   17.191667  2008  1 11 17 11 30.00 PRN28    24526049.4350    24526054.6310    24526045.1093    24526048.3459    24429545.6036       -4051.0258       92445.9911 96503.831400 92452.805600      6.814500   -27.305164    -13.253336   -20.912205
   17.195833  2008  1 11 17 11 45.00 PRN28    24533883.9430    24533889.6840    24533880.1396    24533883.3598    24437802.8852       -4051.0284       92023.7124 96081.057800 92030.029400      6.317000   -30.169159    -13.186181   -20.516001
   17.200000  2008  1 11 17 12  0.00 PRN28    24541725.4570    24541729.3530    24541721.3976    24541724.6068    24446069.8331       -4051.0310       91598.2040 95655.623900 91604.592900      6.388900   -20.473618    -13.141138   -19.830492
   17.204167  2008  1 11 17 12 15.00 PRN28    24549572.5630    24549577.9200    24549568.7996    24549571.9975    24454346.3826       -4051.0335       91168.5584 95226.180400 91175.146900      6.588500   -28.151225    -13.094866   -20.183160
   17.208333  2008  1 11 17 12 30.00 PRN28    24557426.1490    24557430.8050    24557422.3862    24557425.5704    24462632.5356       -4051.0361       90735.9915 94793.613400 90742.577300      6.585800   -24.467445    -13.038767   -19.770174
   17.212500  2008  1 11 17 12 45.00 PRN28    24565286.2330    24565290.4250    24565282.2732    24565285.4495    24470928.2939       -4051.0386       90300.0023 94357.939100 90306.900500      6.898200   -22.029109    -13.006418   -19.730618
   17.216667  2008  1 11 17 13  0.00 PRN28    24573152.3620    24573156.8540    24573148.4724    24573151.6356    24479233.5926       -4051.0412       89860.6012 93918.769400 89867.728200      7.127000   -23.605619    -12.952775   -19.747965
   17.220833  2008  1 11 17 13 15.00 PRN28    24581026.1020    24581030.0610    24581021.0764    24581024.2326    24487548.4332       -4051.0437       89418.5849 93477.668800 89426.625100      8.040200   -20.804685    -12.924111   -20.766465
   17.225000  2008  1 11 17 13 30.00 PRN28    24588904.7670    24588908.8880    24588900.1069    24588903.2451    24495872.8174       -4051.0463       88973.0707 93031.949600 88980.903300      7.832600   -21.656001    -12.850404   -20.351019
   17.229167  2008  1 11 17 13 45.00 PRN28    24596790.8190    24596794.6910    24596785.4984    24596788.6227    24504206.6797       -4051.0488       88524.5517 92584.139300 88533.090500      8.538800   -20.347497    -12.793486   -20.933893
   17.233333  2008  1 11 17 14  0.00 PRN28    24604681.9780    24604686.0560    24604677.5475    24604680.6589    24512550.0214       -4051.0514       88073.0912 92131.956600 88080.905200      7.814000   -21.430035    -12.740663   -19.953046
   17.237500  2008  1 11 17 14 15.00 PRN28    24612579.5840    24612585.1180    24612576.0006    24612579.0944    24520902.8439       -4051.0540       87618.2614 91676.740100 87625.686100      7.424700   -29.081366    -12.668594   -19.637989
   17.241667  2008  1 11 17 14 30.00 PRN28    24620485.0650    24620490.9670    24620481.0058    24620484.0860    24529265.0812       -4051.0565       87160.9121 91219.983800 87168.927300      8.015200   -31.015219    -12.612904   -20.321311
   17.245833  2008  1 11 17 14 45.00 PRN28    24628397.3530    24628402.7700    24628392.6052    24628395.6707    24537636.7346       -4051.0591       86701.1223 90760.618400 86709.559300      8.437000   -28.466527    -12.552710   -20.813595
   17.250000  2008  1 11 17 15  0.00 PRN28    24636316.2960    24636321.0140    24636311.0056    24636314.0614    24546017.8051       -4051.0616       86238.5456 90298.490900 86247.429300      8.883700   -24.793257    -12.512990   -21.048227
   17.254167  2008  1 11 17 15 15.00 PRN28    24644241.0540    24644246.1020    24644236.1245    24644239.1605    24554408.2263       -4051.0642       85772.8972 89832.827700 85781.763500      8.866300   -26.527419    -12.431912   -20.716111
   17.258333  2008  1 11 17 15 30.00 PRN28    24652173.4320    24652177.0700    24652167.8466    24652170.8642    24562807.9992       -4051.0667       85306.2354 89365.432800 85314.366100      8.130700   -19.117819    -12.356568   -20.685296
   17.262500  2008  1 11 17 15 45.00 PRN28    24660111.9110    24660116.5940    24660106.4486    24660109.4645    24571217.1245       -4051.0693       84835.4227 88894.786500 84843.717200      8.294500   -24.609331    -12.349606   -21.066614
   17.266667  2008  1 11 17 15 60.00 PRN28    24668055.8470    24668061.9490    24668051.9725    24668054.9683    24579635.5355       -4051.0719       84361.7950 88420.311500 84369.239600      7.444600   -32.066226    -12.267300   -19.863041
   17.270833  2008  1 11 17 16 15.00 PRN28    24676008.7410    24676014.9480    24676004.5257    24676007.5047    24588063.2554       -4051.0744       83886.5800 87945.485600 83894.411200      7.831200   -32.618005    -12.198507   -20.242997
   17.275000  2008  1 11 17 16 30.00 PRN28    24683968.2080    24683974.0020    24683963.9009    24683966.8540    24596500.2170       -4051.0770       83409.1550 87467.991000 83416.914000      7.759000   -30.447676    -12.092451   -20.033595
   17.279167  2008  1 11 17 16 45.00 PRN28    24691935.3140    24691940.5610    24691930.1038    24691933.0503    24604946.4209       -4051.0795       82929.3102 86988.893100 82937.813600      8.503400   -27.573171    -12.065425   -20.776408
   17.283333  2008  1 11 17 16 60.00 PRN28    24699907.6870    24699913.0730    24699903.0645    24699905.9890    24613401.8675       -4051.0821       82446.6495 86505.819500 82454.737400      8.087900   -28.303621    -11.975339   -20.075099
   17.287500  2008  1 11 17 17 15.00 PRN28    24707887.7870    24707892.8550    24707882.9153    24707885.8288    24621866.4892       -4051.0846       81961.3610 86021.297800 81970.213200      8.852200   -26.632520    -11.930295   -20.157596
   17.291667  2008  1 11 17 17 30.00 PRN28    24715874.0370    24715879.8730    24715869.4749    24715872.3885    24630340.2863       -4051.0872       81473.6606 85533.750700 81482.663500      9.002900   -30.668387    -11.930705   -20.189042
   17.295833  2008  1 11 17 17 45.00 PRN28    24723867.7980    24723873.8820    24723863.0961    24723865.9888    24638823.2591       -4051.0897       80983.6729 85044.538900 80993.449200      9.776300   -31.971636    -11.845123   -20.391669
   17.300000  2008  1 11 17 17 60.00 PRN28    24731869.2570    24731874.7570    24731863.7157    24731866.5952    24647315.3393       -4051.0923       80492.5675 84553.917700 80502.825400     10.257900   -28.902695    -11.791071   -21.014751
   17.304167  2008  1 11 17 18 15.00 PRN28    24739876.1040    24739882.3210    24739871.2048    24739874.0716    24655816.5272       -4051.0949       79999.2972 84059.576800 80008.481900      9.184700   -32.670556    -11.739067   -20.582101
   17.308333  2008  1 11 17 18 30.00 PRN28    24747890.3120    24747896.4790    24747885.6141    24747888.4708    24664326.8227       -4051.0974       79503.0925 83563.489300 79512.391900      9.299400   -32.407804    -11.697709   -20.281788
   17.312500  2008  1 11 17 18 45.00 PRN28    24755911.9970    24755917.2960    24755906.8572    24755909.7013    24672846.1573       -4051.1000       79004.7457 83065.839700 79014.739700      9.994000   -27.846433    -11.646114   -20.301841
   17.316667  2008  1 11 17 18 60.00 PRN28    24763939.4190    24763945.5800    24763934.8654    24763937.6957    24681374.5308       -4051.1025       78503.6553 82564.888200 78513.785700     10.130400   -32.376274    -11.589605   -20.003219
   17.320833  2008  1 11 17 19 15.00 PRN28    24771974.1110    24771979.5570    24771969.8530    24771972.6689    24689911.9429       -4051.1051       78001.1193 82062.168100 78011.063000      9.943700   -28.618923    -11.530640   -19.237993
   17.325000  2008  1 11 17 19 30.00 PRN28    24780017.1810    24780021.5260    24780011.8731    24780014.6787    24698458.3248       -4051.1076       77497.1358 81558.856200 77507.748600     10.612800   -22.833129    -11.488463   -19.854475
   17.329167  2008  1 11 17 19 45.00 PRN28    24788065.9360    24788071.1330    24788060.9992    24788063.7968    24707013.6759       -4051.1102       76990.8725 81052.260100 77001.149900     10.277400   -27.310419    -11.455704   -19.824082
   17.333333  2008  1 11 17 19 60.00 PRN28    24796123.6020    24796129.9790    23030956.4196    23030958.2206    24715577.9958       -4051.1128       76482.9248 80545.606200 76494.493400     11.568600   -33.511361     -7.374794 -2047962.232919
   17.337500  2008  1 11 17 20 15.00 PRN28    24804191.9090    24804196.9150    24804186.2750    24804189.0443    24724151.2152       -4051.1153       75977.9268 80040.693800 75989.578500     11.651700   -26.306708    -11.339821   -20.420041
   17.341667  2008  1 11 17 20 30.00 PRN28    24812266.0660    24812271.5400    24812260.8471    24812263.5986    24732733.3332       -4051.1179       75469.5357 79532.732800 75481.614900     12.079200   -28.766064    -11.266933   -20.103352
   17.345833  2008  1 11 17 20 45.00 PRN28    24820348.3370    24820353.8200    24820342.7153    24820345.4709    24741324.3724       -4051.1204       74960.5932 79023.964600 74972.844200     12.251000   -28.813359    -11.283721   -20.592043
   17.350000  2008  1 11 17 21  0.00 PRN28    24828437.5450    24828442.2220    24828431.6592    24828434.4182    24749924.2168       -4051.1230       74449.3930 78513.328200 74462.205200     12.812200   -24.577801    -11.297644   -20.502832
   17.354167  2008  1 11 17 21 15.00 PRN28    24836532.6140    24836538.3210    24836527.7739    24836530.5255    24758532.8885       -4051.1255       73936.4248 77999.725500 73948.600000     12.175200   -29.990487    -11.267342   -19.782668
   17.358333  2008  1 11 17 21 30.00 PRN28    24844635.4540    24844640.8590    24844630.9845    24844633.7271    24767150.3866       -4051.1281       73421.9878 77485.067400 73433.939300     11.951500   -28.403467    -11.230489   -19.162392
   17.362500  2008  1 11 17 21 45.00 PRN28    24852746.3250    24852751.8280    24852741.4158    24852744.1451    24775776.6407       -4051.1306       72906.4839 76969.684300 72918.553700     12.069800   -28.918460    -11.176027   -19.667867
   17.366667  2008  1 11 17 22  0.00 PRN28    24860864.1830    24860869.2700    24860858.9792    24860861.7100    24784411.6499       -4051.1332       72388.7187 76452.533100 72401.399900     12.681200   -26.732365    -11.182169   -19.804428
   17.370833  2008  1 11 17 22 15.00 PRN28    24868989.7490    24868994.3840    24868983.8515    24868986.5689    24793055.4129       -4051.1358       71869.6060 75934.336100 71883.200300     13.594300   -24.357089    -11.127299   -20.324720
   17.375000  2008  1 11 17 22 30.00 PRN28    24877121.2350    24877127.2030    24877115.9104    24877118.6117    24801707.8590       -4051.1383       71349.0540 75413.376000 71362.237700     13.183700   -31.362052    -11.061372   -20.271435
   17.379167  2008  1 11 17 22 45.00 PRN28    24885260.2540    24885266.7790    24885255.3480    24885258.0558    24810368.9868       -4051.1409       70826.8562 74891.267200 70840.126300     13.270100   -34.289106    -11.087988   -20.095412
   17.383333  2008  1 11 17 23  0.00 PRN28    24893408.2720    24893412.3230    24893402.0783    24893404.7798    24819038.7718       -4051.1434       70304.6823 74369.500200 70318.356800     13.674500   -21.288149    -11.062191   -20.306524
   17.387500  2008  1 11 17 23 15.00 PRN28    24901560.9820    24901566.9740    24901556.0882    24901558.7913    24827717.2125       -4051.1460       69779.5421 73843.769500 69792.623500     13.081400   -31.488173    -11.068743   -19.791185
   17.391667  2008  1 11 17 23 30.00 PRN28    24909722.6750    24909726.8360    24909717.2038    24909719.9064    24836404.2375       -4051.1485       69254.0114 73318.437500 69267.289000     13.277600   -21.866203    -11.066695   -19.528675
   17.395833  2008  1 11 17 23 45.00 PRN28    24917890.3860    24917895.5710    24917885.5336    24917888.2487    24845099.8453       -4051.1511       68725.7948 72790.540700 68739.389600     13.594800   -27.247359    -11.117881   -19.382239
   17.400000  2008  1 11 17 24  0.00 PRN28    24926066.4950    24926071.1370    24926061.0497    24926063.7394    24853804.0342       -4051.1536       68197.0887 72262.460800 68211.307200     14.218500   -24.393875    -11.013872   -19.690207
   17.404167  2008  1 11 17 24 15.00 PRN28    24934248.2280    24934252.1210    24934242.6672    24934245.3757    24862516.7324       -4051.1562       67665.6275 71731.495600 67680.339400     14.711900   -20.457853    -11.090855   -19.520613
   17.408333  2008  1 11 17 24 30.00 PRN28    24942436.2430    24942442.1160    24942431.1845    24942433.8788    24871237.9380       -4051.1588       67132.2090 71198.305000 67147.146200     14.937200   -30.862823    -11.032708   -19.885770
   17.412500  2008  1 11 17 24 45.00 PRN28    24950631.5510    24950637.8110    24950627.0814    24950629.7696    24879967.6492       -4051.1613       66597.9885 70663.901800 66612.740500     14.752000   -32.896522    -11.007730   -19.374190
   17.416667  2008  1 11 17 25  0.00 PRN28    24958835.7730    24958843.0480    25210395.7687           0.0000    24888705.7937       -4051.1639       66062.5605 70129.979300 66078.815400     16.254900   -38.230383  103232356.317837 103524213.191381
   17.420833  2008  1 11 17 25 15.00 PRN28    24967045.3920    24967050.9090    24967040.1560    24967042.8301    24897452.3695       -4051.1664       65525.3927 69593.022500 65541.856100     16.463400   -28.992031    -10.949992   -19.828100
   17.425000  2008  1 11 17 25 30.00 PRN28    24975261.7170    24975267.1200    24975256.6046    24975259.2613    24906207.3745       -4051.1690       64987.9269 69054.342500 65003.173500     15.246600   -28.392957    -10.878742   -19.555524
   17.429167  2008  1 11 17 25 45.00 PRN28    24983486.5330    24983490.0770    24983479.9158    24983482.5630    24914970.7359       -4051.1715       64448.1407 68515.797100 64464.625600     16.484900   -18.623846    -10.839841   -20.317904
   17.433333  2008  1 11 17 26  0.00 PRN28    24991715.7940    24991721.6360    24991709.6934    24991712.3334    24923742.4517       -4051.1741       63905.1898 67973.342300 63922.168200     16.978400   -30.699917    -10.810359   -20.856716
   17.437500  2008  1 11 17 26 15.00 PRN28    24999954.4010    24999959.3750    24999946.4635    24999949.0867    24932522.5193       -4051.1767       63361.6655 67431.881700 63380.705000     19.039500   -26.138546    -10.741565   -22.478053
