 Hrs YR MON DAY HR MIN  Sec PRN P1o17  P2o17  L1o17  L2o17 Theory Clock17 SiteClock P1-Theory17 P1-Theory+Clock17 P1-All17 P1-P217_cyc L1-L217_cyc MW_WL17_cyc
   17.112500  2008  1 11 17  6 45.00 PRN17    23289219.2890    23289222.9280    23289215.4803    23289217.7194    23203066.8879       13373.7715       99524.0887 86152.401100 99526.172600      2.083900   -19.123074     -9.168740   -15.436645
   17.116667  2008  1 11 17  6 60.00 PRN17    23295737.5760    23295740.9100    23295733.5664    23295735.8016    23209895.5281       13373.7680       99213.1834 85842.047900 99215.815900      2.632500   -17.520288     -9.152770   -15.498784
   17.120833  2008  1 11 17  7 15.00 PRN17    23302251.1770    23302254.5470    23302247.1858    23302249.4169    23216725.8113       13373.7644       98896.3925 85525.365700 98899.130100      2.737600   -17.709470     -9.135982   -15.478940
   17.125000  2008  1 11 17  7 30.00 PRN17    23308755.4750    23308758.7890    23308751.4546    23308753.6822    23223557.6897       13373.7608       98568.9187 85197.785300 98571.546100      2.627400   -17.415188     -9.121650   -15.470031
   17.129167  2008  1 11 17  7 45.00 PRN17    23315252.3250    23315255.7010    23315248.2402    23315250.4627    23230391.1889       13373.7572       98232.7306 84861.136100 98234.893300      2.162700   -17.741000     -9.100766   -15.555368
   17.133333  2008  1 11 17  7 60.00 PRN17    23321742.7380    23321745.8980    23321738.5013    23321740.7188    23237226.2613       13373.7536       97887.3332 84516.476700 97890.230300      2.897100   -16.605912     -9.080292   -15.601375
   17.137500  2008  1 11 17  8 15.00 PRN17    23328226.9850    23328230.3180    23328222.9144    23328225.1303    23244062.9326       13373.7501       97535.3588 84164.052400 97537.802500      2.443700   -17.515033     -9.073740   -15.490018
   17.141667  2008  1 11 17  8 30.00 PRN17    23334706.0750    23334709.5730    23334702.0444    23334704.2578    23250901.1553       13373.7465       97176.0489 83804.919700 97178.666200      2.617300   -18.382114     -9.063503   -15.517212
   17.145833  2008  1 11 17  8 45.00 PRN17    23341180.6510    23341183.8910    23341176.5396    23341178.7489    23257740.9553       13373.7429       96810.6072 83439.695700 96813.438600      2.831400   -17.026315     -9.046714   -15.463073
   17.150000  2008  1 11 17  8 60.00 PRN17    23347650.6390    23347653.7120    23347646.4024    23347648.6089    23264582.2854       13373.7393       96439.3466 83068.353600 96442.092900      2.746300   -16.148724     -9.035249   -15.512010
   17.154167  2008  1 11 17  9 15.00 PRN17    23354115.8600    23354119.1780    23354111.8407    23354114.0421    23271425.1717       13373.7358       96061.8253 82690.688300 96064.424100      2.598800   -17.436208     -9.014365   -15.363503
   17.158333  2008  1 11 17  9 30.00 PRN17    23360577.6360    23360580.5590    23360573.3821    23360575.5794    23278269.5853       13373.7322       95678.8778 82308.050700 95681.782900      2.905100   -15.360469     -8.997576   -15.418191
   17.162500  2008  1 11 17  9 45.00 PRN17    23367035.2620    23367038.4230    23367031.1160    23367033.3096    23285115.5158       13373.7286       95290.5034 81919.746200 95293.474800      2.971400   -16.611167     -8.982425   -15.398786
   17.166667  2008  1 11 17 10  0.00 PRN17    23373489.4920    23373492.7890    23373485.3398    23373487.5316    23291962.9346       13373.7250       94898.2603 81526.557400 94900.282400      2.022100   -17.325852     -8.975055   -15.467713
   17.170833  2008  1 11 17 10 15.00 PRN17    23379939.9870    23379943.7820    23379936.1652    23379938.3478    23298811.8682       13373.7214       94500.1021 81128.118800 94501.840200      1.738100   -19.942860     -8.937382   -15.299752
   17.175000  2008  1 11 17 10 30.00 PRN17    23386388.2930    23386391.4880    23386383.9708    23386386.1514    23305662.2697       13373.7179       94097.3679 80726.023300 94099.741200      2.373300   -16.789838     -8.929192   -15.567257
   17.179167  2008  1 11 17 10 45.00 PRN17    23392833.2110    23392836.7920    23392829.1206    23392831.2976    23312514.1474       13373.7143       93690.1549 80319.063600 93692.777900      2.623000   -18.818282     -8.914451   -15.479714
   17.183333  2008  1 11 17 11  0.00 PRN17    23399275.7550    23399279.3090    23399271.5458    23399273.7186    23319367.5097       13373.7107       93278.9484 79908.245300 93281.956000      3.007600   -18.676396     -8.897253   -15.586629
   17.187500  2008  1 11 17 11 15.00 PRN17    23405716.0600    23405719.2080    23405711.5364    23405713.7072    23326222.3100       13373.7071       92864.2691 79493.750000 92867.457100      3.188000   -16.542852     -8.889063   -15.736911
   17.191667  2008  1 11 17 11 30.00 PRN17    23412153.6490    23412157.0860    23412149.3008    23412151.4650    23333078.5752       13373.7035       92445.9911 79075.073800 92448.777300      2.786200   -18.061557     -8.862037   -15.653232
   17.195833  2008  1 11 17 11 45.00 PRN17    23418588.9950    23418592.3530    23418584.6693    23418586.8325    23339936.2588       13373.7000       92023.7124 78652.736200 92026.436200      2.723800   -17.646409     -8.857942   -15.582891
   17.200000  2008  1 11 17 12  0.00 PRN17    23425022.0240    23425025.8900    23425018.0050    23425020.1620    23346795.3880       13373.6964       91598.2040 78226.636000 91600.332400      2.128400   -20.315967     -8.832554   -15.459793
   17.204167  2008  1 11 17 12 15.00 PRN17    23431453.2330    23431456.8940    23431449.3258    23431451.4761    23353655.9164       13373.6928       91168.5584 77797.316600 91171.009400      2.451000   -19.238685     -8.805119   -15.198483
   17.208333  2008  1 11 17 12 30.00 PRN17    23437882.3910    23437886.3170    23437878.6344    23437880.7798    23360517.8714       13373.6892       90735.9915 77364.519600 90738.208800      2.217300   -20.631269     -8.785054   -15.138343
   17.212500  2008  1 11 17 12 45.00 PRN17    23444309.9770    23444313.7570    23444306.0331    23444308.1721    23367381.2067       13373.6856       90300.0023 76928.770300 90302.455900      2.453600   -19.864034     -8.758847   -15.255256
   17.216667  2008  1 11 17 13  0.00 PRN17    23450735.6180    23450739.1020    23450731.5675    23450733.7047    23374245.9498       13373.6821       89860.6012 76489.668200 89863.350300      2.749100   -18.308544     -8.751477   -15.221160
   17.220833  2008  1 11 17 13 15.00 PRN17    23457159.5320    23457162.9470    23457155.3656    23457157.4959    23381112.0547       13373.6785       89418.5849 76047.477300 89421.155800      2.570900   -17.945946     -8.723222   -15.292313
   17.225000  2008  1 11 17 13 30.00 PRN17    23463581.7950    23463584.8730    23463577.3970    23463579.5256    23387979.5491       13373.6749       88973.0707 75602.245900 88975.920800      2.850100   -16.174999     -8.716261   -15.382819
   17.229167  2008  1 11 17 13 45.00 PRN17    23470002.1330    23470005.2320    23469997.6601    23469999.7867    23394848.3871       13373.6713       88524.5517 75153.745900 88527.417200      2.865500   -16.285355     -8.708071   -15.472199
   17.233333  2008  1 11 17 14  0.00 PRN17    23476421.3000    23476424.3600    23476416.4476    23476418.5699    23401718.5964       13373.6678       88073.0912 74702.703600 88076.371400      3.280200   -16.080409     -8.690464   -15.875072
   17.237500  2008  1 11 17 14 15.00 PRN17    23482838.0630    23482841.4700    23482833.5636    23482835.6816    23408590.1315       13373.6642       87618.2614 74247.931500 87621.595700      3.334300   -17.903906     -8.672856   -15.624230
   17.241667  2008  1 11 17 14 30.00 PRN17    23489253.6640    23489257.0480    23489249.1254    23489251.2378    23415463.0018       13373.6606       87160.9121 73790.662200 87164.322800      3.410700   -17.783040     -8.649925   -15.635092
   17.245833  2008  1 11 17 14 45.00 PRN17    23495667.6680    23495671.1330    23495663.1519    23495665.2572    23422337.2170       13373.6570       86701.1223 73330.451000 86704.108000      2.985700   -18.208698     -8.620852   -15.621071
   17.250000  2008  1 11 17 15  0.00 PRN17    23502080.4560    23502084.0200    23502075.9128    23502078.0152    23429212.7317       13373.6534       86238.5456 72867.724300 86241.377700      2.832100   -18.728946     -8.608977   -15.690942
   17.254167  2008  1 11 17 15 15.00 PRN17    23508491.7390    23508495.2530    23508487.3318    23508489.4280    23436089.5741       13373.6499       85772.8972 72402.164900 85775.814800      2.917600   -18.466195     -8.583589   -15.482360
   17.258333  2008  1 11 17 15 30.00 PRN17    23514901.8730    23514905.1900    23514897.2921    23514899.3815    23442967.6989       13373.6463       85306.2354 71934.174100 85307.820400      1.585000   -17.430953     -8.555744   -15.555943
   17.262500  2008  1 11 17 15 45.00 PRN17    23521310.7200    23521313.9210    23521306.1242    23521308.2075    23449847.1344       13373.6427       84835.4227 71463.585600 84837.228300      1.805600   -16.821369     -8.530765   -15.489310
   17.266667  2008  1 11 17 15 60.00 PRN17    23527718.5540    23527721.8050    23527713.8199    23527715.8984    23456727.8355       13373.6391       84361.7950 70990.718500 84364.357600      2.562600   -17.084120     -8.511110   -15.655517
   17.270833  2008  1 11 17 16 15.00 PRN17    23534125.0560    23534128.6460    23534120.5314    23534122.6039    23463609.8308       13373.6355       83886.5800 70515.225200 83888.860700      2.280700   -18.865577     -8.486541   -15.560137
   17.275000  2008  1 11 17 16 30.00 PRN17    23540530.5450    23540534.2050    23540526.0619    23540528.1298    23470493.0752       13373.6320       83409.1550 70037.469800 83411.101800      1.946800   -19.233430     -8.467705   -15.528721
   17.279167  2008  1 11 17 16 45.00 PRN17    23546934.8070    23546938.7480    23546930.4619    23546932.5224    23477377.5975       13373.6284       82929.3102 69557.209500 82930.837900      1.527700   -20.710095     -8.437403   -15.481092
   17.283333  2008  1 11 17 16 60.00 PRN17    23553337.8810    23553341.8370    23553333.6028    23553335.6571    23484263.3528       13373.6248       82446.6495 69074.528200 82448.153000      1.503500   -20.788920     -8.412015   -15.385709
   17.287500  2008  1 11 17 17 15.00 PRN17    23559740.0990    23559744.0260    23559735.6763    23559737.7240    23491150.3700       13373.6212       81961.3610 68589.729000 81963.350200      1.989200   -20.636524     -8.384989   -15.511597
   17.291667  2008  1 11 17 17 30.00 PRN17    23566141.0560    23566145.0070    23566136.5455    23566138.5900    23498038.6044       13373.6177       81473.6606 68102.451600 81476.069300      2.408700   -20.762645     -8.371886   -15.612554
   17.295833  2008  1 11 17 17 45.00 PRN17    23572541.0170    23572544.8580    23572536.5258    23572538.5628    23504928.0850       13373.6141       80983.6729 67612.932000 80986.546100      2.873200   -20.184591     -8.341174   -15.503558
   17.300000  2008  1 11 17 17 60.00 PRN17    23578940.2150    23578944.2210    23578935.6384    23578937.6692    23511818.7672       13373.6105       80492.5675 67121.447800 80495.058300      2.490800   -21.051672     -8.315787   -15.661090
   17.304167  2008  1 11 17 18 15.00 PRN17    23585338.4250    23585342.0330    23585333.7397    23585335.7634    23518710.6619       13373.6069       79999.2972 66627.763100 80001.370000      2.072800   -18.960168     -8.286713   -15.555900
   17.308333  2008  1 11 17 18 30.00 PRN17    23591735.6860    23591739.2750    23591730.8611    23591732.8778    23525603.7800       13373.6033       79503.0925 66131.906000 79505.509300      2.416800   -18.860322     -8.258049   -15.679546
   17.312500  2008  1 11 17 18 45.00 PRN17    23598131.7620    23598135.5650    23598126.9353    23598128.9464    23532498.0771       13373.5998       79004.7457 65633.684900 79007.284700      2.539000   -19.984900     -8.235118   -15.767441
   17.316667  2008  1 11 17 18 60.00 PRN17    23604527.0170    23604530.1810    23604521.9169    23604523.9203    23539393.5826       13373.5962       78503.6553 65133.434400 78507.030600      3.375300   -16.626932     -8.203588   -15.728423
   17.320833  2008  1 11 17 19 15.00 PRN17    23610921.2020    23610924.3340    23610916.0195    23610918.0148    23546290.2523       13373.5926       78001.1193 64630.949700 78004.542300      3.423000   -16.458771     -8.170420   -15.774596
   17.325000  2008  1 11 17 19 30.00 PRN17    23617314.3650    23617317.4740    23617309.3033    23617311.2975    23553188.1160       13373.5890       77497.1358 64126.249000 77499.838000      2.702200   -16.337905     -8.165916   -15.618252
   17.329167  2008  1 11 17 19 45.00 PRN17    23623706.7920    23623710.0420    23623701.9248    23623703.9118    23560087.1294       13373.5854       76990.8725 63619.662600 76993.248000      2.375500   -17.078865     -8.136433   -15.434754
   17.333333  2008  1 11 17 19 60.00 PRN17    23630100.3810    23630104.0300    22290302.9720    22290305.8511    23566987.3224       13373.5819       76482.9248 63113.058600 76486.640500      3.715700   -19.175624    -11.789433 -1554450.129074
   17.337500  2008  1 11 17 20 15.00 PRN17    23636495.7180    23636499.8590    23636490.9086    23636492.8810    23573888.6511       13373.5783       75977.9268 62607.066900 75980.645200      2.718400   -21.761102     -8.076648   -15.760643
   17.341667  2008  1 11 17 20 30.00 PRN17    23642890.2200    23642894.1850    23642885.6648    23642887.6322    23580791.1455       13373.5747       75469.5357 62099.074500 75472.649200      3.113500   -20.836216     -8.056174   -15.355817
   17.345833  2008  1 11 17 20 45.00 PRN17    23649284.6420    23649288.3320    23649279.9952    23649281.9552    23587694.7802       13373.5711       74960.5932 61589.861800 74963.432900      2.839700   -19.391081     -8.025872   -15.292057
   17.350000  2008  1 11 17 21  0.00 PRN17    23655678.1710    23655681.9340    23655673.6803    23655675.6333    23594599.5485       13373.5676       74449.3930 61078.622500 74452.190100      2.797100   -19.774698     -7.997209   -15.119378
   17.354167  2008  1 11 17 21 15.00 PRN17    23662071.6110    23662075.2200    23662066.8020    23662068.7488    23601505.4250       13373.5640       73936.4248 60566.186000 73939.750000      3.325200   -18.965423     -7.971821   -15.385033
   17.358333  2008  1 11 17 21 30.00 PRN17    23668464.2190    23668467.8590    23668459.3582    23668461.2967    23608412.4402       13373.5604       73421.9878 60051.778800 73425.339200      3.351400   -19.128329     -7.937833   -15.426896
   17.362500  2008  1 11 17 21 45.00 PRN17    23674856.2890    23674859.8780    23674851.4677    23674853.3991    23615320.5504       13373.5568       72906.4839 59535.738600 72909.295400      2.811500   -18.860322     -7.908760   -15.326080
   17.366667  2008  1 11 17 22  0.00 PRN17    23681247.6260    23681251.6300    23681243.0221    23681244.9467    23622229.7862       13373.5532       72388.7187 59017.839800 72391.393000      2.674300   -21.041162     -7.880915   -15.256876
   17.370833  2008  1 11 17 22 15.00 PRN17    23687639.0180    23687643.0020    23687634.2568    23687636.1737    23629140.1042       13373.5497       71869.6060 58498.913800 71872.463500      2.857500   -20.936061     -7.849385   -15.397684
   17.375000  2008  1 11 17 22 30.00 PRN17    23694030.2740    23694033.7620    23694025.1136    23694027.0231    23636051.5165       13373.5461       71349.0540 57978.757500 71352.303600      3.249600   -18.329564     -7.819083   -15.578508
   17.379167  2008  1 11 17 22 45.00 PRN17    23700420.4030    23700424.2190    23700415.7308    23700417.6342    23642964.0353       13373.5425       70826.8562 57456.367700 70829.910200      3.054000   -20.053215     -7.794105   -15.153782
   17.383333  2008  1 11 17 23  0.00 PRN17    23706810.8090    23706814.7110    23706806.0469    23706807.9424    23649877.6175       13373.5389       70304.6823 56933.191500 70306.730400      2.048100   -20.505148     -7.761756   -15.269433
   17.387500  2008  1 11 17 23 15.00 PRN17    23713201.0500    23713204.5770    23713196.0917    23713197.9825    23656792.2938       13373.5353       69779.5421 56408.756200 69782.291500      2.749400   -18.534510     -7.742510   -15.287275
   17.391667  2008  1 11 17 23 30.00 PRN17    23719590.9650    23719594.1000    23719585.6800    23719587.5669    23663708.0213       13373.5318       69254.0114 55882.943700 69256.475500      2.464100   -16.474536     -7.726540   -15.451161
   17.395833  2008  1 11 17 23 45.00 PRN17    23725980.1770    23725983.7830    23725974.9476    23725976.8273    23670624.8310       13373.5282       68725.7948 55355.346000 68728.874200      3.079400   -18.949658     -7.697057   -15.596494
   17.400000  2008  1 11 17 24  0.00 PRN17    23732368.9760    23732372.8220    23732363.9111    23732365.7877    23677542.6799       13373.5246       68197.0887 54826.296100 68199.820700      2.732000   -20.210866     -7.684363   -15.514895
   17.404167  2008  1 11 17 24 15.00 PRN17    23738756.5090    23738760.5810    23738751.4973    23738753.3671    23684461.5992       13373.5210       67665.6275 54294.909800 67668.430800      2.803300   -21.398504     -7.656518   -15.540162
   17.408333  2008  1 11 17 24 30.00 PRN17    23745143.7230    23745147.1860    23745138.5003    23745140.3666    23691381.5461       13373.5175       67132.2090 53762.176900 67135.694400      3.485400   -18.198188     -7.642187   -15.461189
   17.412500  2008  1 11 17 24 45.00 PRN17    23751530.3360    23751534.1650    23751525.4366    23751527.2942    23698302.5520       13373.5139       66597.9885 53227.784000 66601.297900      3.309400   -20.121531     -7.606561   -15.236442
   17.416667  2008  1 11 17 25  0.00 PRN17    23757917.1240    23757920.5040    22135766.5844    22135769.4828    23705224.5742       13373.5103       66062.5605 52692.549800 66066.060100      3.499600   -17.762020    -11.868463 -1882036.917802
   17.420833  2008  1 11 17 25 15.00 PRN17    23764303.1340    23764306.9480    23764298.3125    23764300.1578    23712147.6443       13373.5067       65525.3927 52155.489700 65528.996400      3.603700   -20.042705     -7.556195   -15.088074
   17.425000  2008  1 11 17 25 30.00 PRN17    23770688.2270    23770692.1310    23770683.5650    23770685.4035    23719071.7195       13373.5031       64987.9269 51616.507500 64990.010600      2.083700   -20.515658     -7.528350   -14.920907
   17.429167  2008  1 11 17 25 45.00 PRN17    23777073.2990    23777076.6310    23777068.2857    23777070.1191    23725996.8317       13373.4996       64448.1407 51076.467300 64449.966900      1.826200   -17.509778     -7.507467   -15.016959
   17.433333  2008  1 11 17 26  0.00 PRN17    23783457.1130    23783460.9060    23783452.1638    23783453.9905    23732922.9384       13373.4960       63905.1898 50534.174600 63907.670600      2.480800   -19.932350     -7.480031   -15.149397
   17.437500  2008  1 11 17 26 15.00 PRN17    23789840.8920    23789844.1720    23789835.7114    23789837.5307    23739850.0714       13373.4924       63361.6655 49990.820600 63364.313000      2.647500   -17.236516     -7.449729   -15.126902
   17.441667  2008  1 11 17 26 30.00 PRN17    23796224.2240    23796227.4810    23796218.8339    23796220.6493    23746778.1884       13373.4888       62815.2532 49446.035600 62819.524400      4.271200   -17.115651     -7.433760   -15.342308
   17.445833  2008  1 11 17 26 45.00 PRN17    23802606.9320    23802609.8430    23802601.1360    23802602.9470    23753707.3029       13373.4852       62268.8031 48899.629100 62273.114300      4.311200   -15.297408     -7.415742   -15.619408
   17.450000  2008  1 11 17 26 60.00 PRN17    23808988.4960    23808991.8290    23808982.8747    23808984.6788    23760637.4284       13373.4817       61720.3590 48351.067600 61724.549300      4.190300   -17.515033     -7.387488   -15.602892
   17.454167  2008  1 11 17 27 15.00 PRN17    23815369.7070    23815372.8100    23815363.7342    23815365.5327    23767568.5226       13373.4781       61170.2051 47801.184400 61174.662500      4.457400   -16.306375     -7.364557   -15.870905
   17.458333  2008  1 11 17 27 30.00 PRN17    23821749.7050    23821753.1080    23821743.8883    23821745.6784    23774500.6179       13373.4745       60618.3634 47249.087100 60622.561600      4.198200   -17.882886     -7.330160   -15.807836
   17.462500  2008  1 11 17 27 45.00 PRN17    23828129.0480    23828132.7590    23828123.2638    23828125.0477    23781433.6723       13373.4709       60064.4733 46695.375700 60068.846600      4.373300   -19.501437     -7.304772   -15.901242
   17.466667  2008  1 11 17 27 60.00 PRN17    23834507.6880    23834511.5380    23834502.1081    23834503.8810    23788367.7181       13373.4674       59508.6697 46139.969900 59513.437300      4.767600   -20.231887     -7.259729   -15.689798
   17.470833  2008  1 11 17 28 15.00 PRN17    23840885.6380    23840889.6430    23840880.2828    23840882.0506    23795302.7134       13373.4638       58952.0810 45582.924600 58956.388400      4.307400   -21.046417     -7.238845   -15.486975
   17.475000  2008  1 11 17 28 30.00 PRN17    23847263.0480    23847266.8470    23847257.7113    23847259.4716    23802238.6908       13373.4602       58393.6052 45024.357200 58397.817400      4.212200   -19.963880     -7.208134   -15.330128
   17.479167  2008  1 11 17 28 45.00 PRN17    23853639.5410    23853643.7260    23853634.5333    23853636.2845    23809175.6085       13373.4566       57833.3126 44463.932500 57837.389100      4.076500   -21.992323     -7.170871   -15.107292
   17.483333  2008  1 11 17 28 60.00 PRN17    23860015.9320    23860020.1630    23860010.6863    23860012.4337    23816113.4993       13373.4530       57271.5712 43902.432700 57275.885700      4.314500   -22.234055     -7.155311   -15.391233
   17.487500  2008  1 11 17 29 15.00 PRN17    23866391.6180    23866395.8610    23866386.3253    23866388.0603    23823052.3213       13373.4495       56708.4439 43339.296700 56712.746200      4.302300   -22.297115     -7.104535   -15.401084
   17.491667  2008  1 11 17 29 30.00 PRN17    23872766.7310    23872770.8840    23872761.4303    23872763.1584    23829992.1076       13373.4459       56143.2039 42774.623400 56148.069300      4.865400   -21.824162     -7.076281   -15.336381
   17.495833  2008  1 11 17 29 45.00 PRN17    23879141.6360    23879145.6590    23879135.9962    23879137.7146    23836932.8165       13373.4423       55577.4543 42208.819500 55582.261800      4.807500   -21.141008     -7.036561   -15.624030
   17.500000  2008  1 11 17 29 60.00 PRN17    23885516.0830    23885519.6760    23885510.0008    23885511.7098    23843874.4810       13373.4387       55010.0140 41641.602000 55015.040700      5.026700   -18.881342     -6.998069   -15.880322
   17.504167  2008  1 11 17 30 15.00 PRN17    23891889.3080    23891893.0610    23891883.3703    23891885.0721    23850817.0598       13373.4351       54439.9888 41072.248200 54445.683300      5.694500   -19.722148     -6.968587   -15.764488
   17.508333  2008  1 11 17 30 30.00 PRN17    23898261.7060    23898265.8230    23898256.0306    23898257.7268    23857760.5860       13373.4316       53868.9853 40501.120000 53874.551600      5.566300   -21.634981     -6.945655   -15.622191
   17.512500  2008  1 11 17 30 45.00 PRN17    23904634.0440    23904637.6790    23904628.1243    23904629.8097    23864705.0182       13373.4280       53296.5798 39929.025800 53302.453800      5.874000   -19.102054     -6.901431   -15.616492
   17.516667  2008  1 11 17 30 60.00 PRN17    23911005.8140    23911009.4440    23910999.7267    23911001.4060    23871650.3712       13373.4244       52722.6478 39355.442800 52728.867200      6.219400   -19.075779     -6.876453   -15.783422
   17.520833  2008  1 11 17 31 15.00 PRN17    23917376.3200    23917380.2610    23917370.6550    23917372.3294    23878596.6596       13373.4208       52147.9823 38779.660400 52153.081200      5.098900   -20.710095     -6.856388   -15.431429
   17.525000  2008  1 11 17 31 30.00 PRN17    23923746.9100    23923750.3980    23923740.8307    23923742.4986    23885543.8423       13373.4172       51571.1564 38203.067700 51576.484900      5.328500   -18.329564     -6.829772   -15.655307
   17.529167  2008  1 11 17 31 45.00 PRN17    23930116.4360    23930119.8780    23930110.3428    23930112.0011    23892491.9529       13373.4137       50992.3008 37624.483100 50997.896800      5.596000   -18.087832     -6.790461   -15.608750
   17.533333  2008  1 11 17 32  0.00 PRN17    23936484.9880    23936488.6730    23936479.0766    23936480.7289    23899440.9689       13373.4101       50411.7086 37044.019100 50417.429200      5.720600   -19.364806     -6.765892   -15.496729
   17.537500  2008  1 11 17 32 15.00 PRN17    23942852.9980    23942857.0510    23942847.1369    23942848.7794    23906390.8868       13373.4065       49830.1587 36462.111200 49835.517700      5.359000   -21.298659     -6.725763   -15.585229
   17.541667  2008  1 11 17 32 30.00 PRN17    23949220.6320    23949224.3130    23949214.5381    23949216.1741    23913341.6842       13373.4029       49246.4769 35878.947800 49252.350700      5.873800   -19.343786     -6.699147   -15.639688
   17.545833  2008  1 11 17 32 45.00 PRN17    23955587.2770    23955591.1620    23955581.2987    23955582.9283    23920293.3950       13373.3994       48661.1268 35293.882000 48667.281400      6.154600   -20.415813     -6.672940   -15.583017
   17.550000  2008  1 11 17 33  0.00 PRN17    23961953.6130    23961957.3250    23961947.4622    23961949.0841    23927245.9784       13373.3958       48074.9347 34707.634600 48081.030400      6.095700   -19.506692     -6.641409   -15.663718
   17.554167  2008  1 11 17 33 15.00 PRN17    23968319.0360    23968323.0320    23968313.0153    23968314.6307    23934199.4683       13373.3922       47487.0308 34119.567700 47492.959900      5.929100   -20.999122     -6.614793   -15.630464
   17.558333  2008  1 11 17 33 30.00 PRN17    23974683.8410    23974687.4330    23974677.8033    23974679.4138    23941153.8241       13373.3886       46897.1388 33530.016900 46903.405500      6.266700   -18.876087     -6.594728   -15.424843
   17.562500  2008  1 11 17 33 45.00 PRN17    23981047.8200    23981052.0630    23981041.8555    23981043.4590    23948109.0797       13373.3850       46305.7511 32938.740300 46312.125300      6.374200   -22.297115     -6.566064   -15.642037
   17.566667  2008  1 11 17 34  0.00 PRN17    23987411.2720    23987415.2770    23987405.1808    23987406.7756    23955065.1948       13373.3815       45713.1500 32346.077200 45719.458700      6.308700   -21.046417     -6.530439   -15.632478
   17.570833  2008  1 11 17 34 15.00 PRN17    23993774.0400    23993778.4090    23993767.9472    23993769.5355    23962022.2034       13373.3779       45118.6949 31751.836600 45125.214500      6.519600   -22.959250     -6.503823   -15.792673
   17.575000  2008  1 11 17 34 30.00 PRN17    24000136.2930    24000140.2930    24000130.0782    24000131.6584    23968980.0651       13373.3743       44523.1061 31156.227900 44529.602200      6.496100   -21.020142     -6.470655   -15.713554
   17.579167  2008  1 11 17 34 45.00 PRN17    24006497.8990    24006501.5860    24006491.4478    24006493.0192    23975938.8143       13373.3707       43925.2568 30559.084700 43932.455400      7.198600   -19.375316     -6.434620   -15.792750
   17.583333  2008  1 11 17 35  0.00 PRN17    24012858.2900    24012862.1580    24012851.9238    24012853.4847    23982898.4106       13373.3671       43326.0960 29959.879400 43333.246500      7.150500   -20.326477     -6.391625   -15.743107
   17.587500  2008  1 11 17 35 15.00 PRN17    24019217.7800    24019221.7130    24019211.6015    24019213.1546    23989858.8886       13373.3636       42725.4758 29358.891400 42732.255000      6.779200   -20.668054     -6.359685   -15.526425
   17.591667  2008  1 11 17 35 30.00 PRN17    24025576.8500    24025580.7860    24025570.4825    24025572.0286    23996820.2079       13373.3600       42123.3414 28756.642100 42130.002100      6.660700   -20.683820     -6.331021   -15.718564
   17.595833  2008  1 11 17 35 45.00 PRN17    24031934.6740    24031938.9020    24031928.5370    24031930.0711    24003782.3846       13373.3564       41520.0061 28152.289400 41525.645800      5.639700   -22.218290     -6.281883   -15.550369
   17.600000  2008  1 11 17 36  0.00 PRN17    24038291.6250    24038295.8990    24038285.7957    24038287.3223    24010745.4346       13373.3528       40913.3865 27546.190400 40919.543200      6.156700   -22.460022     -6.251172   -15.186037
   17.604167  2008  1 11 17 36 15.00 PRN17    24044648.2290    24044652.7450    24044642.3752    24044643.8934    24017709.3178       13373.3493       40306.0686 26938.911200 40312.260500      6.191900   -23.731740     -6.216775   -15.303030
   17.608333  2008  1 11 17 36 30.00 PRN17    24051004.3010    24051008.4800    24050998.3911    24050999.8989    24024674.0690       13373.3457       39697.6809 26330.232000 39703.577700      5.896800   -21.960793     -6.174189   -15.154295
   17.612500  2008  1 11 17 36 45.00 PRN17    24057359.7420    24057363.6760    24057353.7247    24057355.2238    24031639.6484       13373.3421       39087.0644 25720.093600 39093.435700      6.371300   -20.673310     -6.138564   -15.118787
   17.616667  2008  1 11 17 37  0.00 PRN17    24063714.5640    24063718.5000    24063708.3727    24063709.8626    24038606.0908       13373.3385       38475.1153 25108.473200 38481.811700      6.696400   -20.683820     -6.100891   -15.284006
   17.620833  2008  1 11 17 37 15.00 PRN17    24070068.6480    24070072.8270    24070062.3681    24070063.8537    24045573.3565       13373.3349       37861.5745 24495.291500 37868.626400      7.051900   -21.960793     -6.083284   -15.492665
   17.625000  2008  1 11 17 37 30.00 PRN17    24076421.7480    24076426.0350    24076415.4866    24076416.9589    24052541.4804       13373.3314       37246.4268 23880.267600 37253.599000      7.172200   -22.528337     -6.028822   -15.471617
   17.629167  2008  1 11 17 37 45.00 PRN17    24082774.2570    24082778.2320    24082767.7965    24082769.2615    24059510.4228       13373.3278       36629.7273 23263.834200 36637.162000      7.434700   -20.888766     -5.998930   -15.514188
   17.633333  2008  1 11 17 37 60.00 PRN17    24089126.1340    24089130.1330    24089119.4994    24089120.9576    24066480.2190       13373.3242       36011.8958 22645.915000 36019.239200      7.343400   -21.014887     -5.971085   -15.700529
   17.637500  2008  1 11 17 38 15.00 PRN17    24095477.2020    24095481.0790    24095470.5943    24095472.0455    24073450.8293       13373.3206       35392.6598 22026.372700 35399.693300      7.033500   -20.373773     -5.942421   -15.578666
   17.641667  2008  1 11 17 38 30.00 PRN17    24101827.4590    24101831.6180    24101820.8679    24101822.3149    24080422.2891       13373.3170       34771.3489 21405.169900 34778.486900      7.138000   -21.855693     -5.925223   -15.685497
   17.645833  2008  1 11 17 38 45.00 PRN17    24108177.0210    24108181.2840    24108170.5067    24108171.9448    24087394.5587       13373.3135       34149.4107 20782.462300 34155.775800      6.365100   -22.402216     -5.888779   -15.612794
   17.650000  2008  1 11 17 38 60.00 PRN17    24114526.1500    24114530.0440    24114519.4052    24114520.8358    24094367.6738       13373.3099       33524.4955 20158.476200 33531.786100      7.290600   -20.463108     -5.858068   -15.662014
   17.654167  2008  1 11 17 39 15.00 PRN17    24120874.2930    24120877.9920    24120867.4771    24120868.9003    24101341.5948       13373.3063       32898.4731 19532.698200 32906.004500      7.531400   -19.438376     -5.827766   -15.615120
   17.658333  2008  1 11 17 39 30.00 PRN17    24127221.2230    24127225.6850    24127214.8630    24127216.2773    24108316.3573       13373.3027       32270.6718 18904.865700 32278.168400      7.496600   -23.447968     -5.791322   -15.437433
   17.662500  2008  1 11 17 39 45.00 PRN17    24133567.6140    24133572.4200    24133561.4072    24133562.8124    24115291.9221       13373.2992       31641.7976 18275.691900 31648.991100      7.193500   -25.255700     -5.754059   -15.397220
   17.666667  2008  1 11 17 39 60.00 PRN17    24139913.6010    24139917.9280    24139907.1730    24139908.5662    24122268.3247       13373.2956       31011.0578 17645.276300 31018.571900      7.514100   -22.738538     -5.704921   -15.361330
   17.670833  2008  1 11 17 40 15.00 PRN17    24146258.6330    24146262.9210    24146252.2847    24146253.6789    24129245.5261       13373.2920       30379.1807 17013.106900 30386.398900      7.218200   -22.533592     -5.709016   -15.253140
   17.675000  2008  1 11 17 40 30.00 PRN17    24152603.0920    24152607.4780    24152596.6928    24152598.0786    24136223.5432       13373.2884       29745.4815 16379.548800 29752.837200      7.355700   -23.048586     -5.674619   -15.327593
   17.679167  2008  1 11 17 40 45.00 PRN17    24158947.1790    24158951.3180    24158940.6496    24158942.0240    24143202.3932       13373.2848       29110.4134 15744.785800 29118.070600      7.657200   -21.750592     -5.627938   -15.306466
   17.683333  2008  1 11 17 40 60.00 PRN17    24165290.7510    24165294.7500    24165283.9536    24165285.3208    24150182.0371       13373.2813       28473.8147 15108.713900 28481.995200      8.180500   -21.014887     -5.598455   -15.516781
   17.687500  2008  1 11 17 41 15.00 PRN17    24171633.4500    24171637.6020    24171626.6240    24171627.9817    24157162.5108       13373.2777       27836.1091 14470.939200 27844.216900      8.107800   -21.818907     -5.559555   -15.588803
   17.691667  2008  1 11 17 41 30.00 PRN17    24177976.2090    24177979.5970    24177968.7907    24177970.1419    24164143.7755       13373.2741       27197.1439 13832.433500 27205.707600      8.563700   -17.804060     -5.532938   -15.861173
   17.695833  2008  1 11 17 41 45.00 PRN17    24184316.7390    24184321.0540    24184310.1494    24184311.4906    24171125.8671       13373.2705       26556.3211 13190.871900 26564.142400      7.821300   -22.675478     -5.491990   -15.329790
   17.700000  2008  1 11 17 41 60.00 PRN17    24190657.7180    24190661.6460    24190650.6982    24190652.0391    24178108.7469       13373.2669       25914.0248 12548.971100 25922.238000      8.213200   -20.641779     -5.490761   -15.631039
   17.704167  2008  1 11 17 42 15.00 PRN17    24196997.1630    24197001.2670    24196990.6065    24196991.9377    24185092.4510       13373.2634       25269.9811 11904.712000 25277.975400      7.994300   -21.566666     -5.451041   -15.143226
   17.708333  2008  1 11 17 42 30.00 PRN17    24203336.6980    24203341.1570    24203329.9466    24203331.2649    24192076.9408       13373.2598       24624.7326 11259.757200 24633.017000      8.284400   -23.432203     -5.398218   -15.496908
   17.712500  2008  1 11 17 42 45.00 PRN17    24209675.5760    24209680.2800    24209668.8616    24209670.1808    24199062.2525       13373.2562       23978.3809 10613.323500 23986.579700      8.198800   -24.719687     -5.401903   -15.582155
   17.716667  2008  1 11 17 42 60.00 PRN17    24216013.9820    24216018.4070    24216007.3141    24216008.6229    24206048.3476       13373.2526       23330.6780  9965.634400 23338.887000      8.209000   -23.253532     -5.359317   -15.343854
   17.720833  2008  1 11 17 43 15.00 PRN17    24222351.5120    24222356.5220    24222345.0727    24222346.3710    24213035.2811       13373.2491       22681.2617  9316.230900 22689.480000      8.218300   -26.327728     -5.316321   -15.332885
   17.725000  2008  1 11 17 43 30.00 PRN17    24228688.9030    24228693.4130    24228682.2408    24228683.5345    24220022.9772       13373.2455       22030.8532  8665.925800 22039.171300      8.318100   -23.700210     -5.297485   -15.318599
   17.729167  2008  1 11 17 43 45.00 PRN17    24235026.1570    24235030.5640    24235018.8321    24235020.1109    24227011.4910       13373.2419       21379.1635  8014.666000 21387.907900      8.744400   -23.158941     -5.236472   -15.974116
   17.733333  2008  1 11 17 44  0.00 PRN17    24241362.1170    24241366.2220    24241354.7604    24241356.0357    24234000.7841       13373.2383       20725.8426  7361.332900 20734.571200      8.728600   -21.571921     -5.222140   -15.843111
   17.737500  2008  1 11 17 44 15.00 PRN17    24247697.1800    24247700.9580    24247690.1812    24247691.4452    24240990.8932       13373.2347       20070.7857  6706.286800 20079.521500      8.735800   -19.853524     -5.175869   -15.215564
   17.741667  2008  1 11 17 44 30.00 PRN17    24254031.8730    24254036.0670    24254024.7841    24254026.0462    24247981.7799       13373.2312       19413.9730  6050.093100 19423.324300      9.351300   -22.039619     -5.168089   -15.523696
   17.745833  2008  1 11 17 44 45.00 PRN17    24260366.3480    24260369.7040    24260358.6306    24260359.8794    24254973.4811       13373.2276       18756.5977  5392.866900 18766.094500      9.496800   -17.635899     -5.113627   -15.772619
   17.750000  2008  1 11 17 45  0.00 PRN17    24266699.0860    24266703.0510    24266691.7781    24266693.0253    24261965.9584       13373.2240       18097.4085  4733.127600 18106.351600      8.943100   -20.836216     -5.107076   -15.600408
   17.754167  2008  1 11 17 45 15.00 PRN17    24273031.6040    24273035.8850    24273024.3969    24273025.6370    24268959.2299       13373.2204       17436.5473  4072.374100 17445.594500      9.047200   -22.496807     -5.078002   -15.614952
   17.758333  2008  1 11 17 45 30.00 PRN17    24279363.2580    24279367.2640    24279356.3039    24279357.5313    24275953.3139       13373.2168       16773.7766  3409.944100 16783.160900      9.384300   -21.051672     -5.025998   -15.129683
   17.762500  2008  1 11 17 45 45.00 PRN17    24285694.1410    24285698.5320    24285687.4471    24285688.6738    24282948.1722       13373.2133       16110.1847  2745.968800 16119.182100      8.997400   -23.074861     -5.023131   -15.020558
   17.766667  2008  1 11 17 46  0.00 PRN17    24292024.9610    24292029.6050    24292017.8249    24292019.0421    24289943.8419       13373.2097       15444.9660  2081.119100 15454.328800      9.362800   -24.404385     -4.984231   -15.623252
   17.770833  2008  1 11 17 46 15.00 PRN17    24298354.3140    24298358.6540    24298347.4193    24298348.6302    24296940.2849       13373.2061       14778.2522  1414.029100 14787.235200      8.983000   -22.806854     -4.958433   -15.162914
   17.775000  2008  1 11 17 46 30.00 PRN17    24304683.4030    24304687.7700    24304676.2040    24304677.4131    24303937.5383       13373.2025       14111.5472   745.864700 14119.067200      7.520000   -22.948740     -4.951062   -15.522312
   17.779167  2008  1 11 17 46 45.00 PRN17    24311011.4280    24311016.2730    24311004.1801    24311005.3842    24310935.5643       13373.1990       13440.9040    75.863700 13449.062700      8.158700   -25.460647     -4.930588   -15.801452
   17.783333  2008  1 11 17 47  0.00 PRN17    24317338.3130    24317343.5430    24317331.3916    24317332.5802    24317934.4001       13373.1954       12768.8582  -596.087100 12777.108300      8.250100   -27.483836     -4.867118   -15.554802
   17.787500  2008  1 11 17 47 15.00 PRN17    24323664.9770    24323669.8310    24323657.7339    24323658.9169    24324934.0078       13373.1918       12095.6441 -1269.030800 12104.161000      8.516900   -25.507942     -4.844187   -15.714055
   17.791667  2008  1 11 17 47 30.00 PRN17    24329990.5940    24329995.3230    24329983.2668    24329984.4361    24331934.4249       13373.1882       11420.9820 -1943.830900 11429.357300      8.375300   -24.851063     -4.788088   -15.692015
   17.795833  2008  1 11 17 47 45.00 PRN17    24336315.5110    24336319.6440    24336307.9288    24336309.1002    24338935.6135       13373.1846       10745.0285 -2620.102500 10753.082100      8.053600   -21.719062     -4.796687   -15.693627
   17.800000  2008  1 11 17 48  0.00 PRN17    24342639.2280    24342643.3190    24342631.5948    24342632.7466    24345937.6111       13373.1811       10066.9222 -3298.383100 10074.798000      7.875800   -21.498350     -4.716428   -15.651198
   17.804167  2008  1 11 17 48 15.00 PRN17    24348961.8550    24348966.0730    24348954.3670    24348955.5127    24352940.3800       13373.1775        9386.6354 -3978.525000  9394.652500      8.017100   -22.165740     -4.691450   -15.522289
   17.808333  2008  1 11 17 48 30.00 PRN17    24355283.7690    24355287.8950    24355276.2961    24355277.4328    24359943.9579       13373.1739        8705.3083 -4660.188900  8712.985000      7.676700   -21.682276     -4.654596   -15.421169
   17.812500  2008  1 11 17 48 45.00 PRN17    24361605.1000    24361609.1870    24361597.5884    24361598.7257    24366948.3071       13373.1703        8021.9406 -5343.207100  8029.963200      8.022600   -21.477330     -4.657053   -15.448710
   17.816667  2008  1 11 17 48 60.00 PRN17    24367925.2550    24367930.2390    24367918.0597    24367919.1906    24373953.4652       13373.1667        7336.8047 -6028.210200  7344.956500      8.151800   -26.191097     -4.630846   -15.511312
   17.820833  2008  1 11 17 49 15.00 PRN17    24374245.1610    24374248.9510    24374237.7446    24374238.8654    24380959.3949       13373.1632        6650.6266 -6714.233900  6658.929300      8.302700   -19.916584     -4.589489   -15.119782
   17.825000  2008  1 11 17 49 30.00 PRN17    24380564.3070    24380568.5390    24380556.8001    24380557.9246    24387966.1337       13373.1596        5962.2294 -7401.826700  5971.332900      9.103500   -22.239310     -4.604640   -15.464520
   17.829167  2008  1 11 17 49 45.00 PRN17    24386882.6120    24386887.4630    24386875.2309    24386876.3444    24394973.6444       13373.1560        5273.0160 -8091.032400  5282.123600      9.107600   -25.492177     -4.559596   -15.588048
   17.833333  2008  1 11 17 49 60.00 PRN17    24393200.7370    24393205.3080    24393193.0931    24393194.2014    24401981.9648       13373.1524        4582.6841 -8781.227800  4591.924600      9.240500   -24.020767     -4.538303   -15.729383
   17.837500  2008  1 11 17 50 15.00 PRN17    24399518.1600    24399522.4060    24399510.4259    24399511.5262    24408991.0576       13373.1488        3891.3377 -9472.897600  3900.251200      8.913500   -22.312881     -4.505545   -15.636137
   17.841667  2008  1 11 17 50 30.00 PRN17    24405835.0290    24405839.6350    24405827.2073    24405828.3027    24416000.9419       13373.1453        3197.9964 -10165.912900  3207.232400      9.236000   -24.204693     -4.485480   -15.900628
   17.845833  2008  1 11 17 50 45.00 PRN17    24412150.6200    24412155.1850    24412143.4004    24412144.4858    24423011.6368       13373.1417        2503.2141 -10861.016800  2512.124900      8.910800   -23.989237     -4.444532   -15.140289
   17.850000  2008  1 11 17 50 60.00 PRN17    24418466.8530    24418470.9850    24418458.9319    24418460.0193    24430023.1052       13373.1381        1807.6381 -11556.252200  1816.885900      9.247800   -21.713807     -4.452721   -15.742346
   17.854167  2008  1 11 17 51 15.00 PRN17    24424781.8070    24424785.8630    24424773.5785    24424774.6647    24437035.3852       13373.1345        1109.8570 -12253.578200  1119.556300      9.699300   -21.314424     -4.447807   -16.055461
   17.858333  2008  1 11 17 51 30.00 PRN17    24431094.9750    24431099.1390    24431087.4316    24431088.5051    24444048.4397       13373.1310         410.2769 -12953.464700   419.666300      9.389400   -21.881968     -4.395803   -15.263479
   17.862500  2008  1 11 17 51 45.00 PRN17    24437408.0150    24437412.2700    24437400.5677    24437401.6353    24451062.3067       13373.1274        -290.8017 -13654.291700  -281.164300      9.637400   -22.360176     -4.371644   -15.174062
   17.866667  2008  1 11 17 51 60.00 PRN17    24443720.2740    24443725.6770    24443713.1348    24443714.1931    24458076.9494       13373.1238        -993.3510 -14356.675400  -983.551600      9.799400   -28.392957     -4.333562   -15.361842
   17.870833  2008  1 11 17 52 15.00 PRN17    24450032.7280    24450037.1660    24450025.2089    24450026.2579    24465092.4059       13373.1202       -1696.3282 -15059.677900 -1686.557700      9.770500   -23.321847     -4.295480   -15.274187
   17.875000  2008  1 11 17 52 30.00 PRN17    24456344.2650    24456348.6360    24456336.5701    24456337.6088    24472108.6394       13373.1166       -2401.3055 -15764.374400 -2391.257800     10.047700   -22.969760     -4.253303   -15.401930
   17.879167  2008  1 11 17 52 45.00 PRN17    24462654.7260    24462659.6930    24462647.3520    24462648.3844    24479125.6881       13373.1131       -3108.2334 -16470.962100 -3097.849000     10.384400   -26.101761     -4.227505   -15.306661
   17.883333  2008  1 11 17 52 60.00 PRN17    24468965.5570    24468969.3330    24468957.7035    24468958.7250    24486143.5151       13373.1095       -3815.4878 -17177.958100 -3804.848600     10.639200   -19.843014     -4.182872   -15.213177
   17.887500  2008  1 11 17 53 15.00 PRN17    24475275.5840    24475280.3710    24475267.5342    24475268.5587    24493162.1590       13373.1059       -4523.8163 -17886.575000 -4513.469100     10.347200   -25.155855     -4.195156   -15.966916
   17.891667  2008  1 11 17 53 30.00 PRN17    24481584.6310    24481589.0800    24481576.9224    24481577.9330    24500181.5830       13373.1023       -5233.7622 -18596.952000 -5223.849700      9.912500   -23.379653     -4.138238   -15.342393
   17.895833  2008  1 11 17 53 45.00 PRN17    24487893.6300    24487898.1250    24487885.8439    24487886.8457    24507201.8255       13373.0987       -5944.7553 -19308.195500 -5935.096800      9.658500   -23.621384     -4.102204   -15.419647
   17.900000  2008  1 11 17 53 60.00 PRN17    24494201.7580    24494206.9730    24494194.1709    24494195.1696    24514222.8498       13373.0952       -6658.3157 -20021.091800 -6647.996600     10.319100   -27.405010     -4.089510   -15.541918
   17.904167  2008  1 11 17 54 15.00 PRN17    24500509.8570    24500514.5030    24500501.9456    24500502.9331    24521244.6946       13373.0916       -7372.0853 -20734.837600 -7361.746000     10.339300   -24.414895     -4.043647   -15.583191
   17.908333  2008  1 11 17 54 30.00 PRN17    24506818.7190    24506824.3480    24506811.5042    24506812.4884    24528267.3420       13373.0880       -8085.6422 -21448.623000 -8075.535000     10.107200   -29.580595     -4.030134   -15.260960
   17.912500  2008  1 11 17 54 45.00 PRN17    24513129.6520    24513134.9530    24513122.0679    24513123.0402    24535290.7931       13373.0844       -8798.3771 -22161.141100 -8788.056700     10.320400   -27.856943     -3.981406   -15.474032
   17.916667  2008  1 11 17 55  0.00 PRN17    24519440.2890    24519445.4280    24519432.6854    24519433.6500    24542315.0301       13373.0809       -9511.9687 -22874.741100 -9501.660200     10.308500   -27.005627     -3.949876   -15.382811
   17.920833  2008  1 11 17 55 15.00 PRN17    24525751.3460    24525755.7330    24525743.3391    24525744.2969    24549340.0918       13373.0773      -10226.6271 -23588.745800 -10215.668500     10.958600   -23.053841     -3.922031   -15.440771
   17.925000  2008  1 11 17 55 30.00 PRN17    24532062.5560    24532067.1820    24532054.6657    24532055.6158    24556365.9417       13373.0737      -10940.6741 -24303.385700 -10930.312000     10.362100   -24.309794     -3.890501   -15.395401
   17.929167  2008  1 11 17 55 45.00 PRN17    24538375.2940    24538380.3730    24538367.5055    24538368.4466    24563392.5999       13373.0701      -11654.8397 -25017.305900 -11644.235800     10.603900   -26.690325     -3.853647   -15.470616
   17.933333  2008  1 11 17 56  0.00 PRN17    24544690.7780    24544695.0630    24544682.7416    24544683.6715    24570420.0864       13373.0665      -12367.2922 -25729.308400 -12356.241900     11.050300   -22.517827     -3.807785   -15.308923
   17.937500  2008  1 11 17 56 15.00 PRN17    24551005.9800    24551011.0020    24550998.5772    24550999.5066    24577448.3648       13373.0630      -13079.7302 -26442.384800 -13069.321800     10.408400   -26.390788     -3.805738   -14.946254
   17.941667  2008  1 11 17 56 30.00 PRN17    24557322.8700    24557327.7160    24557315.0288    24557315.9495    24584477.4742       13373.0594      -13792.7231 -27154.604200 -13781.544800     11.178300   -25.465902     -3.770113   -15.329833
   17.945833  2008  1 11 17 56 45.00 PRN17    24563639.6980    24563644.1690    24563631.9521    24563632.8650    24591507.3781       13373.0558      -14505.6806 -27867.680100 -14494.624300     11.056300   -23.495264     -3.738173   -14.996782
   17.950000  2008  1 11 17 57  0.00 PRN17    24569957.1720    24569962.1630    24569949.5168    24569950.4236    24598538.1157       13373.0522      -15219.2918 -28580.943700 -15207.891500     11.400300   -26.227882     -3.713194   -15.130794
   17.954167  2008  1 11 17 57 15.00 PRN17    24576276.3790    24576281.7230    24576268.1530    24576269.0539    24605569.6506       13373.0486      -15932.4767 -29293.271600 -15920.223000     12.253700   -28.082910     -3.689035   -15.948244
   17.958333  2008  1 11 17 57 30.00 PRN17    24582595.3360    24582600.3940    24582587.3514    24582588.2450    24612602.0221       13373.0451      -16645.4336 -30006.686100 -16633.641000     11.792600   -26.579969     -3.659143   -15.492957
   17.962500  2008  1 11 17 57 45.00 PRN17    24588914.7170    24588919.6170    24588906.7721    24588907.6563    24619635.1940       13373.0415      -17358.8740 -30720.477000 -17347.435500     11.438500   -25.749674     -3.620651   -15.328123
   17.966667  2008  1 11 17 58  0.00 PRN17    24595234.5630    24595239.1210    24595226.0663    24595226.9514    24626669.2054       13373.0379      -18073.9615 -31434.642400 -18061.604500     12.357000   -23.952452     -3.624337   -15.798232
   17.970833  2008  1 11 17 58 15.00 PRN17    24601553.6970    24601557.7940    24601545.2117    24601546.0877    24633704.0203       13373.0343      -18789.9925 -32150.323300 -18777.289000     12.703500   -21.529880     -3.587074   -15.513500
   17.975000  2008  1 11 17 58 30.00 PRN17    24607872.7260    24607877.0800    24607864.2077    24607865.0844    24640739.6779       13373.0308      -19506.7714 -32866.951900 -19493.921100     12.850300   -22.880424     -3.589940   -15.685240
   17.979167  2008  1 11 17 58 45.00 PRN17    24614191.1720    24614195.6550    24614182.7191    24614183.5885    24647776.1422       13373.0272      -20224.4256 -33584.970200 -20211.943000     12.482600   -23.558324     -3.560048   -15.645017
   17.983333  2008  1 11 17 59  0.00 PRN17    24620509.1490    24620513.0800    24620500.9205    24620501.7829    24654813.4526       13373.0236      -20943.4994 -34304.303600 -20931.280000     12.219400   -20.657544     -3.531384   -15.075523
   17.987500  2008  1 11 17 59 15.00 PRN17    24626826.5350    24626831.3020    24626818.5517    24626819.4115    24661851.5731       13373.0200      -21664.2378 -35025.038100 -21652.018100     12.219700   -25.050754     -3.520737   -15.205181
   17.991667  2008  1 11 17 59 30.00 PRN17    24633143.5730    24633148.2450    24633135.6770    24633136.5251    24668890.5431       13373.0164      -22386.2417 -35746.970100 -22373.953700     12.288000   -24.551526     -3.472828   -15.007715
   17.995833  2008  1 11 17 59 45.00 PRN17    24639460.2500    24639464.9840    24639452.1853    24639453.0293    24675930.3266       13373.0129      -23109.8274 -36470.076600 -23097.063700     12.763700   -24.877338     -3.456039   -15.218155
   18.000000  2008  1 11 18  0  0.00 PRN17    24645775.9860    24645780.5650    24645767.9541    24645768.7943    24682970.9632       13373.0093      -23834.6593 -37194.977200 -23821.967900     12.691400   -24.062807     -3.440479   -15.085782
   18.004167  2008  1 11 18  0 15.00 PRN17    24652090.8830    24652096.2290    24652082.9218    24652083.7601    24690012.4171       13373.0057      -24561.5710 -37921.534100 -24548.528400     13.042600   -28.093420     -3.432698   -15.385702
   18.008333  2008  1 11 18  0 30.00 PRN17    24658404.8920    24658410.1630    24658397.1117    24658397.9426    24697054.7278       13373.0021      -25289.4510 -38649.835800 -25276.833700     12.617300   -27.699292     -3.402397   -15.107411
   18.012500  2008  1 11 18  0 45.00 PRN17    24664719.0270    24664723.6030    24664710.5488    24664711.3737    24704097.8595       13372.9985      -26019.5029 -39378.832500 -26005.834000     13.668900   -24.047042     -3.377828   -15.539405
   18.016667  2008  1 11 18  0 60.00 PRN17    24671031.5190    24671036.0030    24671023.0841    24671023.9013    24711141.8330       13372.9950      -26750.7762 -40110.314000 -26737.319000     13.457200   -23.563579     -3.346297   -15.410891
   18.020833  2008  1 11 18  1 15.00 PRN17    24677343.3940    24677347.8280    24677334.8763    24677335.6866    24718186.6692       13372.9914      -27483.6966 -40843.275200 -27470.283800     13.412800   -23.300827     -3.318043   -15.453296
   18.025000  2008  1 11 18  1 30.00 PRN17    24683654.4600    24683657.7250    24683645.7017    24683646.5103    24725232.3322       13372.9878      -28218.6872 -41577.872200 -28204.884400     13.802800   -17.157691     -3.311082   -15.131490
   18.029167  2008  1 11 18  1 45.00 PRN17    24689964.2570    24689967.8920    24689955.4169    24689956.2157    24732278.8620       13372.9842      -28955.0747 -42314.605000 -28941.620800     13.453900   -19.102054     -3.270952   -15.374269
   18.033333  2008  1 11 18  1 60.00 PRN17    24696272.7760    24696277.0190    24696264.1105    24696264.9082    24739326.2227       13372.9807      -29694.1896 -43053.446700 -29680.466000     13.723600   -22.297115     -3.266448   -15.476129
   18.037500  2008  1 11 18  2 15.00 PRN17    24702579.8500    24702583.7840    24702571.6925    24702572.4934    24746374.4544       13372.9771      -30435.1296 -43794.604400 -30421.627300     13.502300   -20.673310     -3.279552   -14.742841
   18.041667  2008  1 11 18  2 30.00 PRN17    24708887.1110    24708890.5710    24708878.3717    24708879.1697    24753423.5212       13372.9735      -31176.7838 -44536.410200 -31163.436700     13.347100   -18.182423     -3.267677   -15.165124
   18.045833  2008  1 11 18  2 45.00 PRN17    24715192.6970    24715197.1470    24715184.2525    24715185.0508    24760473.4632       13372.9699      -31921.5362 -45280.766200 -31907.796300     13.739900   -23.384908     -3.268905   -15.327361
   18.050000  2008  1 11 18  2 60.00 PRN17    24721497.5190    24721502.6330    24721489.2200    24721490.0124    24767524.2447       13372.9663      -32667.8706 -46026.725700 -32653.759400     14.111200   -26.874251     -3.244746   -15.471782
   18.054167  2008  1 11 18  3 15.00 PRN17    24727801.5130    24727807.0780    24727793.1915    24727793.9872    24774575.9059       13372.9628      -33415.6048 -46774.392900 -33401.430100     14.174700   -29.244272     -3.258258   -15.740561
   18.058333  2008  1 11 18  3 30.00 PRN17    24734104.8760    24734110.4650    24734096.1448    24734096.9332    24781628.4110       13372.9592      -34164.8850 -47523.535000 -34150.575800     14.309200   -29.370393     -3.228366   -16.198199
   18.062500  2008  1 11 18  3 45.00 PRN17    24740406.6880    24740411.2650    24740398.0433    24740398.8298    24788681.8002       13372.9556      -34916.4289 -48275.112200 -34902.156600     14.272300   -24.052297     -3.220586   -15.575846
   18.066667  2008  1 11 18  3 60.00 PRN17    24746707.9260    24746711.9390    24746698.7657    24746699.5500    24795736.0380       13372.9520      -35670.2580 -49028.112000 -35655.160000     15.098000   -21.088457     -3.211577   -15.878459
   18.070833  2008  1 11 18  4 15.00 PRN17    24753007.5480    24753011.8390    24752998.4979    24752999.2762    24802791.1645       13372.9484      -36424.9546 -49783.616500 -36410.668100     14.286500   -22.549357     -3.187008   -15.867292
   18.075000  2008  1 11 18  4 30.00 PRN17    24759306.2880    24759310.8690    24759297.2242    24759297.9956    24809847.1442       13372.9449      -37183.5776 -50540.856200 -37167.911300     15.666300   -24.073317     -3.158754   -16.002287
   18.079167  2008  1 11 18  4 45.00 PRN17    24765603.5260    24765607.5040    24765595.0534    24765595.8220    24816904.0175       13372.9413      -37942.1621 -51300.491500 -37927.550200     14.611900   -20.904531     -3.147289   -14.998515
   18.083333  2008  1 11 18  4 60.00 PRN17    24771900.4710    24771905.4850    24771892.3084    24771893.0698    24823961.7488       13372.9377      -38702.8313 -52061.277800 -38688.340100     14.491200   -26.348748     -3.117806   -15.135779
   18.087500  2008  1 11 18  5 15.00 PRN17    24778196.9330    24778202.3580    24778188.8442    24778189.6008    24831020.3785       13372.9341      -39465.3018 -52823.445500 -39450.511400     14.790400   -28.508567     -3.098151   -15.239337
   18.091667  2008  1 11 18  5 30.00 PRN17    24784493.0180    24784497.7310    24784484.4241    24784485.1809    24838079.8711       13372.9306      -40228.9815 -53586.853100 -40213.922500     15.059000   -24.766982     -3.098969   -15.464395
   18.095833  2008  1 11 18  5 45.00 PRN17    24790787.0900    24790792.2860    24790778.9293    24790779.6776    24845140.2860       13372.9270      -40994.9738 -54353.196000 -40980.269000     14.704800   -27.305164     -3.064163   -15.172410
   18.100000  2008  1 11 18  6  0.00 PRN17    24797081.0460    24797086.0400    24797072.3694    24797073.1170    24852201.5499       13372.9234      -41763.0714 -55120.503900 -41747.580500     15.490900   -26.243647     -3.061297   -15.665452
   18.104167  2008  1 11 18  6 15.00 PRN17    24803374.0470    24803378.5410    24803364.9247    24803365.6688    24859263.7033       13372.9198      -42532.3855 -55889.656300 -42516.736500     15.649000   -23.616129     -3.046965   -15.914164
   18.108333  2008  1 11 18  6 30.00 PRN17    24809665.1320    24809670.0560    24809656.3406    24809657.0819    24866326.7676       13372.9162      -43304.0921 -56661.635600 -43288.719400     15.372700   -25.875795     -3.035500   -15.737278
   18.112500  2008  1 11 18  6 45.00 PRN17    24815955.6570    24815960.3450    24815946.6807    24815947.4147    24873390.7076       13372.9127      -44077.9878 -57435.050600 -44062.137900     15.849900   -24.635606     -3.005607   -15.801991
   18.116667  2008  1 11 18  7  0.00 PRN17    24822245.3040    24822249.7140    24822236.0091    24822236.7393    24880455.5638       13372.9091      -44853.6000 -58210.259800 -44837.350700     16.249300   -23.174706     -2.990047   -16.014815
   18.120833  2008  1 11 18  7 15.00 PRN17    24828533.3380    24828537.5940    24828524.3731    24828525.0981    24887521.3010       13372.9055      -45630.8759 -58987.963000 -45615.057500     15.818400   -22.365431     -2.968754   -15.532404
   18.125000  2008  1 11 18  7 30.00 PRN17    24834820.6890    24834825.3050    24834811.6601    24834812.3714    24894587.9597       13372.9019      -46410.1104 -59767.270700 -46394.368800     15.741600   -24.257244     -2.912655   -15.733481
   18.129167  2008  1 11 18  7 45.00 PRN17    24841106.6220    24841111.3250    24841097.8736    24841098.5796    24901655.5047       13372.8983      -47192.3637 -60548.882700 -47175.984400     16.379300   -24.714432     -2.890952   -15.430547
   18.133333  2008  1 11 18  8  0.00 PRN17    24847392.2680    24847396.9230    24847383.1701    24847383.8745    24908723.9766       13372.8948      -47975.3833 -61331.708600 -47958.813800     16.569500   -24.462190     -2.884400   -15.805097
   18.137500  2008  1 11 18  8 15.00 PRN17    24853676.8460    24853681.4300    24853667.5355    24853668.2358    24915793.3403       13372.8912      -48760.2224 -62116.494300 -48743.603100     16.619300   -24.089083     -2.867611   -15.998891
   18.141667  2008  1 11 18  8 30.00 PRN17    24859960.6710    24859964.5470    24859950.8510    24859951.5336    24922863.6365       13372.8876      -49545.7887 -62902.965500 -49530.077900     15.710800   -20.368517     -2.795133   -16.157788
   18.145833  2008  1 11 18  8 45.00 PRN17    24866242.7340    24866247.5020    24866233.2609    24866233.9381    24929934.8300       13372.8840      -50335.2801 -63692.096000 -50319.212000     16.068100   -25.056009     -2.773021   -16.186443
   18.150000  2008  1 11 18  9  0.00 PRN17    24872524.1860    24872528.2000    24872514.7632    24872515.4397    24937006.9616       13372.8805      -51124.7155 -64482.775600 -51109.895100     14.820400   -21.093712     -2.770154   -15.742097
   18.154167  2008  1 11 18  9 15.00 PRN17    24878804.4120    24878809.0770    24878795.4523    24878796.1156    24944079.9962       13372.8769      -51917.1261 -65275.584200 -51902.707300     14.418800   -24.514740     -2.716103   -15.481540
   18.158333  2008  1 11 18  9 30.00 PRN17    24885083.6020    24885089.0540    24885075.0086    24885075.6640    24951153.9745       13372.8733      -52712.4822 -66070.372500 -52697.499200     14.983000   -28.650453     -2.683753   -15.424098
   18.162500  2008  1 11 18  9 45.00 PRN17    24891362.3100    24891367.7430    24891353.5812    24891354.2304    24958228.8616       13372.8697      -53509.2799 -66866.551600 -53493.681900     15.598000   -28.550608     -2.658365   -15.546147
   18.166667  2008  1 11 18 10  0.00 PRN17    24897640.0480    24897645.6060    24897631.2412    24897631.8784    24965304.6982       13372.8661      -54308.0395 -67664.650200 -54291.784100     16.255400   -29.207487     -2.609227   -15.651020
   18.170833  2008  1 11 18 10 15.00 PRN17    24903917.1360    24903922.5320    24903908.1840    24903908.8167    24972381.4493       13372.8626      -55107.1139 -68464.313300 -55091.450700     15.663200   -28.356171     -2.590801   -15.718739
   18.175000  2008  1 11 18 10 30.00 PRN17    24910193.4640    24910198.4010    24910184.0534    24910184.6753    24979459.1558       13372.8590      -55909.5811 -69265.691800 -55892.832800     16.748300   -25.944110     -2.546577   -15.973358
   18.179167  2008  1 11 18 10 45.00 PRN17    24916468.2910    24916473.1920    24916459.1198    24916459.7444    24986537.7828       13372.8554      -56713.2318 -70069.491800 -56696.636400     16.595400   -25.754929     -2.557633   -15.688369
   18.183333  2008  1 11 18 11  0.00 PRN17    24922742.1560    24922747.2680    24922733.0139    24922733.6247    24993617.3712       13372.8518      -57518.7535 -70875.215200 -57502.363400     16.390100   -26.863741     -2.501124   -15.705311
   18.187500  2008  1 11 18 11 15.00 PRN17    24929015.9210    24929020.0030    24929005.9710    24929006.5716    25000697.8859       13372.8482      -58326.5458 -71681.964900 -58309.116700     17.429100   -21.451055     -2.459357   -16.077510
   18.191667  2008  1 11 18 11 30.00 PRN17    24935287.9730    24935291.6940    24935278.0998    24935278.6929    25007779.3681       13372.8447      -59135.7463 -72491.395100 -59118.550400     17.195900   -19.553987     -2.428645   -15.774265
   18.195833  2008  1 11 18 11 45.00 PRN17    24941558.3120    24941563.8250    24941549.4750    24941550.0568    25014861.7828       13372.8411      -59947.9211 -73303.470800 -59930.629700     17.291400   -28.971011     -2.382374   -15.436339
   18.200000  2008  1 11 18 11 60.00 PRN17    24947829.3330    24947833.8690    24947820.0045    24947820.5829    25021945.1710       13372.8375      -60761.0366 -74115.838000 -60743.000500     18.036100   -23.836841     -2.368451   -15.496225
   18.204167  2008  1 11 18 12 15.00 PRN17    24954098.6810    24954103.2660    23880334.2161    23880336.0182    25029029.4978       13372.8339      -61576.9629 -74930.816800 -61557.982900     18.980000   -24.094338     -7.379298 -1245794.071551
   18.208333  2008  1 11 18 12 30.00 PRN17    24960367.6390    24960372.7630    23869852.6176    23869854.4303    25036114.7853       13372.8303      -62393.9239 -75747.146300 -62374.316000     19.607900   -26.926802     -7.422703 -1265228.428636
   18.212500  2008  1 11 18 12 45.00 PRN17    24966635.2500    24966640.8300    24966626.5329    24966627.0920    25043201.0556       13372.8268      -63210.6186 -76565.805600 -63192.978800     17.639800   -29.323098     -2.289421   -15.238322
   18.216667  2008  1 11 18 12 60.00 PRN17    24972902.3940    24972907.8540    24972893.8506    24972894.4040    25050288.2739       13372.8232      -64030.9029 -77385.879900 -64013.056700     17.846200   -28.692494     -2.266080   -14.952480
   18.220833  2008  1 11 18 13 15.00 PRN17    24979168.9070    24979174.7300    24979160.2342    24979160.7858    25057376.4813       13372.8196      -64853.2356 -78207.574300 -64834.754700     18.480900   -30.600072     -2.258710   -15.279686
   18.225000  2008  1 11 18 13 30.00 PRN17    24985434.2910    24985440.0480    24985425.8580    24985426.3989    25064465.6430       13372.8160      -65676.7638 -79031.352000 -65658.536000     18.227800   -30.253239     -2.214895   -14.924119
   18.229167  2008  1 11 18 13 45.00 PRN17    24991699.8530    24991705.1200    24991690.7247    24991691.2637    25071555.8002       13372.8125      -66502.3949 -79855.947200 -66483.134700     19.260200   -27.678272     -2.207115   -15.474050
   18.233333  2008  1 11 18 13 60.00 PRN17    24997963.6930    24997968.8880    24997954.8027    24997955.3360    25078646.9181       13372.8089      -67328.8875 -80683.225100 -67310.416200     18.471300   -27.299909     -2.183774   -15.137997
   18.237500  2008  1 11 18 14 15.00 PRN17    25004227.4010    25004232.5150    25004218.2080    25004218.7416    25085739.0379       13372.8053      -68158.7071 -81511.636900 -68138.831600     19.875500   -26.874251     -2.185003   -15.449261
   18.241667  2008  1 11 18 14 30.00 PRN17    25010489.8970    25010495.4180    25010480.8744    25010481.3995    25092832.1248       13372.8017      -68988.6508 -82342.227800 -68969.426100     19.224700   -29.013051     -2.150197   -15.423560
   18.245833  2008  1 11 18 14 45.00 PRN17    25016751.5890    25016756.8420    25016742.7244    25016743.2448    25099926.2201       13372.7981      -69821.6966 -83174.631100 -69801.833000     19.863600   -27.604701     -2.130951   -15.084827
   18.250000  2008  1 11 18 14 60.00 PRN17    25023013.2510    25023018.1270    25023004.0005    25023004.5261    25107021.2891       13372.7946      -70655.3704 -84008.038100 -70635.243500     20.126900   -25.623553     -2.152244   -15.362282
   18.254167  2008  1 11 18 15 15.00 PRN17    25029274.0820    25029279.0330    25029264.6020    25029265.1248    25114117.3730       13372.7910      -71490.5862 -84843.291000 -71470.500000     20.086200   -26.017681     -2.140779   -15.655192
   18.258333  2008  1 11 18 15 30.00 PRN17    25035533.1960    25035538.6510    25035524.3868    25035524.9004    25121214.4371       13372.7874      -72328.0037 -85681.241100 -72308.453700     19.550000   -28.666218     -2.103106   -15.095347
   18.262500  2008  1 11 18 15 45.00 PRN17    25041793.1890    25041797.5900    25041783.4490    25041783.9599    25128312.5228       13372.7838      -73167.2285 -86519.333800 -73146.550000     20.678500   -23.127411     -2.092050   -15.628651
   18.266667  2008  1 11 18 15 60.00 PRN17    25048051.3280    25048056.2500    25048041.7842    25048042.2942    25135411.5954       13372.7802      -74007.9797 -87360.267400 -73987.487200     20.492500   -25.865285     -2.088365   -15.662063
   18.270833  2008  1 11 18 16 15.00 PRN17    25054308.9680    25054313.7850    25054299.5172    25054300.0241    25142511.6963       13372.7767      -74850.3827 -88202.728300 -74829.951600     20.431100   -25.313506     -2.075671   -15.488118
   18.275000  2008  1 11 18 16 30.00 PRN17    25060566.1150    25060571.4030    25060556.6238    25060557.1223    25149612.7906       13372.7731      -75694.6360 -89046.675600 -75673.902500     20.733500   -27.788628     -2.041274   -15.739917
   18.279167  2008  1 11 18 16 45.00 PRN17    25066823.0850    25066827.4360    25066813.1067    25066813.6097    25156714.9200       13372.7695      -76540.7477 -89891.835000 -76519.065500     21.682200   -22.864659     -2.059701   -15.847372
